# This file may be used to create an environment using:
# $ conda create --name <env> --file <this file>
# platform: linux-64
_libgcc_mutex=0.1=main
blas=1.0=mkl
bzip2=1.0.8=h7b6447c_0
ca-certificates=2020.1.1=0
cairo=1.16.0=h18b612c_1001
certifi=2020.4.5.1=py37_0
cycler=0.10.0=py37_0
dbus=1.13.14=hb2f20db_0
expat=2.2.6=he6710b0_0
ffmpeg=4.1.3=h167e202_0
fontconfig=2.13.1=he4413a7_1000
freetype=2.9.1=h8a8886c_1
geos=3.8.1=he6710b0_0
giflib=5.1.4=h14c3975_1
glib=2.63.1=h3eb4bd4_1
gmp=6.1.2=h6c8ec71_1
gnutls=3.6.5=h71b1129_1002
graphite2=1.3.13=h23475e2_0
gst-plugins-base=1.14.0=hbbd80ab_1
gstreamer=1.14.0=hb31296c_0
harfbuzz=2.4.0=h37c48d4_1
hdf5=1.10.5=nompi_h3c11f04_1104
icu=58.2=he6710b0_3
intel-openmp=2020.1=217
jasper=1.900.1=hd497a04_4
joblib=0.15.1=py_0
jpeg=9d=h516909a_0
kiwisolver=1.2.0=py37hfd86e86_0
lame=3.100=h7b6447c_0
ld_impl_linux-64=2.33.1=h53a641e_7
libblas=3.8.0=15_mkl
libcblas=3.8.0=15_mkl
libedit=3.1.20181209=hc058e9b_0
libffi=3.3=he6710b0_1
libgcc-ng=9.1.0=hdf63c60_0
libgfortran-ng=7.3.0=hdf63c60_0
libiconv=1.15=h63c8f33_5
liblapack=3.8.0=15_mkl
liblapacke=3.8.0=15_mkl
libpng=1.6.37=hbc83047_0
libstdcxx-ng=9.1.0=hdf63c60_0
libtiff=4.1.0=h2733197_1
libuuid=2.32.1=h14c3975_1000
libwebp=1.0.1=h8e7db2f_0
libxcb=1.13=h1bed415_1
libxml2=2.9.10=he19cac6_1
lz4-c=1.9.2=he6710b0_0
matplotlib=3.1.3=py37_0
matplotlib-base=3.1.3=py37hef1b27d_0
mkl=2020.1=217
mkl-service=2.3.0=py37he904b0f_0
mkl_fft=1.0.15=py37ha843d7b_0
mkl_random=1.1.1=py37h0573a6f_0
ncurses=6.2=he6710b0_1
nettle=3.4.1=hbb512f6_0
numpy=1.18.1=py37h4f9e942_0
numpy-base=1.18.1=py37hde5b4d6_1
opencv=4.1.0=py37h3aa1047_6
openh264=1.8.0=hdbcaa40_1000
openssl=1.1.1g=h7b6447c_0
pandas=1.0.3=py37h0573a6f_0
pcre=8.43=he6710b0_0
pip=20.0.2=py37_3
pixman=0.38.0=h7b6447c_0
pyparsing=2.4.7=py_0
pyqt=5.9.2=py37h05f1152_2
python=3.7.7=hcff3b4d_5
python-dateutil=2.8.1=py_0
python_abi=3.7=1_cp37m
pytz=2020.1=py_0
qt=5.9.7=h5867ecd_1
readline=8.0=h7b6447c_0
scikit-learn=0.22.1=py37hd81dba3_0
scipy=1.4.1=py37h0b6359f_0
seaborn=0.10.1=py_0
setuptools=47.1.1=py37_0
shapely=1.7.0=py37hc88ce51_3
sip=4.19.8=py37hf484d3e_0
six=1.15.0=py_0
sqlite=3.31.1=h62c20be_1
tk=8.6.8=hbc83047_0
tornado=6.0.4=py37h7b6447c_1
wheel=0.34.2=py37_0
x264=1!152.20180806=h14c3975_0
xorg-kbproto=1.0.7=h14c3975_1002
xorg-libice=1.0.10=h516909a_0
xorg-libsm=1.2.3=h84519dc_1000
xorg-libx11=1.6.9=h516909a_0
xorg-libxext=1.3.4=h516909a_0
xorg-libxrender=0.9.10=h516909a_1002
xorg-renderproto=0.11.1=h14c3975_1002
xorg-xextproto=7.3.0=h14c3975_1002
xorg-xproto=7.0.31=h14c3975_1007
xz=5.2.5=h7b6447c_0
zlib=1.2.11=h7b6447c_3
zstd=1.4.4=h0b5b093_3
